 PDE 2016 10 27 11 53 17.20   53.5800 -163.2600  13.9 5.9 5.9 UNIMAK ISLAND REGION, ALASKA
event name:   C201610271153A
time shift:           4.3731
half duration:        2.1000
latitude:             0.0000
longitude:          -30.0000
depth:              500.1000
Mrr:            5.564959E+24
Mtt:           -4.285253E+24
Mpp:           -1.279705E+24
Mrt:            6.562896E+24
Mrp:            2.582893E+24
Mtp:           -2.970327E+24
